image: 127 x 127 x 1
repeats: 1000
gray: 1
level: 16
tauu: 0.166667
taum: 1.000000
sigmas: 1.000000
lmbda: 1.000000
nu: 0.100000
time: 1679010776.722203 s
iterations: 560
